16
 57 156  65 175 182  52  99 180 200 139 150 170 140 174  28 113 
121 205 213 177  90 104  95 246  78 127 152 128 209 215 105  48 
106 151 244  51  38 185 107  58  97 208 129 100 154 224  34  35 
 22  40 144 130   6 137  24  67  84 116 256  16 232  79  70  94 
119   2 136 123 167 226 204 250  96 231 233 133 122  39 165 238 
102  44 190 135 212  89 143  20 183  80  32  98  77 240 222 120 
252 184 236 176  19 147  27  50 168   3  59 254 218  41 173 153 
181  33 247 228 162  87  62  11  18  82 166   1  60  93  13 178 
 30 207  53 159 223  86 193  88  73 108  75 155 134 221  21  12 
202  36 145 206 138 189  72 186   5 132 115  66 160  74 214  46 
110 203 171 179 211  17 235  81 216  37   8 111 197   9 146  15 
 14 187  69  45  68 198 241 210 192 196  42 245 194 229 131  54 
103  47 112   4 141  63 158  91  76 249 219 188 251 248 230  26 
161  56 117 149 148 163  71 239 191  31 124  83 109  49 199  64 
255 118  55 114   7 142 237 157 225 164 195 201  61 242 217 101 
 29 126  85 243  92 125  25 253  10 169  23 234 220 227  43 172 
