16
2056
  1 255 254   4   5 251 250   8   9 247 246  12  13 243 242  16 
240  18  19 237 236  22  23 233 232  26  27 229 228  30  31 225 
224  34  35 221 220  38  39 217 216  42  43 213 212  46  47 209 
 49 207 206  52  53 203 202  56  57 199 198  60  61 195 194  64 
 65 191 190  68  69 187 186  72  73 183 182  76  77 179 178  80 
176  82  83 173 172  86  87 169 168  90  91 165 164  94  95 161 
160  98  99 157 156 102 103 153 152 106 107 149 148 110 111 145 
113 143 142 116 117 139 138 120 121 135 134 124 125 131 130 128 
129 127 126 132 133 123 122 136 137 119 118 140 141 115 114 144 
112 146 147 109 108 150 151 105 104 154 155 101 100 158 159  97 
 96 162 163  93  92 166 167  89  88 170 171  85  84 174 175  81 
177  79  78 180 181  75  74 184 185  71  70 188 189  67  66 192 
193  63  62 196 197  59  58 200 201  55  54 204 205  51  50 208 
 48 210 211  45  44 214 215  41  40 218 219  37  36 222 223  33 
 32 226 227  29  28 230 231  25  24 234 235  21  20 238 239  17 
241  15  14 244 245  11  10 248 249   7   6 252 253   3   2 256 
